3, 281
1, 281, 6, 6
2176, 1, 294, 281, 
104, 0
1101, 65, 39, 281
2, 14, 197, 280
101, 4520, 280, 280
4, 280
1002, 279, 8, 279
101, 7, 280, 280
1, 280, 279, 279
1001, 172, 70, 280
101, 96, 280, 280
4, 280
1002, 279, 8, 279
1001, 280, 2, 280
1, 279, 280, 279
1101, 92, 65, 281
1102, 42, 8, 281
1002, 61, 84, 280
101, 15260, 280, 280
4, 280
102, 8, 279, 279
1001, 280, 5, 280
1, 279, 280, 279
1102, 67, 73, 280
1001, 280, 9307, 280
4, 280
102, 8, 279, 279
101, 4, 280, 280
1, 280, 279, 279
1102, 54, 12, 281
102, 67, 142, 280
101, 1028, 280, 280
4, 280
102, 8, 279, 279
1001, 280, 3, 280
1, 280, 279, 279
1101, 19, 79, 281
1101, 62, 26, 281
101, 57, 167, 280
1001, 280, 76, 280
4, 280
1002, 279, 8, 279
1001, 280, 2, 280
1, 280, 279, 279
1102, 60, 47, 281
1101, 20, 62, 281
1101, 47, 44, 280
1001, 280, 91, 280
4, 280
1002, 279, 8, 279
101, 2, 280, 280
1, 280, 279, 279
1, 66, 202, 280
101, 70, 280, 280
4, 280
102, 8, 279, 279
1001, 280, 6, 280
1, 279, 280, 279
4, 279
99
0, 0, 0, 845, 
0, 0, 0, 0, 
0, 0, 0, 0, 
0, 0, 0, 2181, 
0, 314595, 2181, 283, 
303, 2181, 1, 314595, 
2053, 283, 314595, 2053, 
0, 312, 2181, 1, 
99999
2182, 283, 314595, 2182, 
0, 321, 2181, 1, 
99999
2054, 0, 314595, 2054, 
283, 330, 2181, 1, 
99999
2181, 1, 336, 2181, 
1, 314595, 1, 281
281, 281, 2177, 350, 
0, 0, 133, 1, 
0, 2181, 1, 314595, 
2182, 0, 384, 2181, 
1, 314595, 1, 281
281, 281, 2177, 398, 
0, 0, 134, 0, 
0, 2181, 1, 314595, 
136, 282, 282, 280, 
102, 2, 279, 279
2053, 280, 413, 129, 
1, 279, 279, 2183
282, 845, 280, 2050, 
279, 2, 279, 2053, 
280, 428, 129, 1, 
279, 279, 8, 282, 
845, 280, 130, 2, 
279, 279, 2054, 280, 
443, 129, 1, 279, 
279, 136, 845, 845, 
280, 2050, 279, 2, 
279, 2053, 280, 458, 
1001, 279, 1, 279
2184, 282, 845, 280, 
1002, 279, 2, 279
2053, 280, 473, 129, 
1, 279, 279, 2055
845, 845, 280, 2050, 
279, 2, 279, 2054, 
280, 516, 2049, 279, 
1, 279, 2184, 845
845, 280, 130, 2, 
279, 279, 2054, 280, 
531, 2049, 279, 1, 
279, 2056, 282, 845, 
280, 130, 2, 279, 
279, 2053, 280, 546, 
101, 1, 279, 279
135, 845, 845, 280, 
102, 2, 279, 279
2054, 280, 561, 2049, 
279, 1, 279, 2055, 
282, 845, 280, 130, 
2, 279, 279, 2053
280, 576, 129, 1, 
279, 279, 7, 845, 
282, 280, 130, 2, 
279, 279, 2053, 280, 
591, 129, 1, 279, 
279, 2055, 282, 282, 
280, 130, 2, 279, 
279, 2053, 280, 606, 
101, 1, 279, 279
7, 845, 845, 280, 
102, 2, 279, 279
2054, 280, 649, 129, 
1, 279, 279, 2056
845, 845, 280, 2050, 
279, 2, 279, 2054, 
280, 664, 2049, 279, 
1, 279, 136, 282
845, 280, 2050, 279, 
2, 279, 2054, 280
679, 129, 1, 279, 
279, 8, 282, 282, 
280, 130, 2, 279, 
279, 2054, 280, 694, 
101, 1, 279, 279
8, 845, 282, 280, 
102, 2, 279, 279
2053, 280, 709, 2049, 
279, 1, 279, 2184, 
845, 282, 280, 2050, 
279, 2, 279, 2054, 
280, 724, 129, 1, 
279, 279, 2183, 845, 
282, 280, 2050, 279, 
2, 279, 2053, 280
599
101, 1, 279, 279
135, 282, 282, 280, 
102, 2, 279, 279
2054, 280, 782, 2049, 
279, 1, 279, 7, 
282, 845, 280, 130, 
2, 279, 279, 2053
280, 797, 2049, 279, 
1, 279, 135, 845
282, 280, 2050, 279, 
2, 279, 2053, 280
812, 2049, 279, 1, 
279, 2183, 845, 845, 
280, 130, 2, 279, 
279, 2054, 280, 827, 
101, 1, 279, 279
2056, 282, 282, 280, 
1002, 279, 2, 279
2054, 280, 842, 2049, 
279, 1, 279, 4, 
279, 99, 282
